{
  "advancedEditorSelectedIdentifier" : "ProjectBrowser",
  "openSceneRelativePaths" : [
    "PoxtalBoxScene.usda"
  ],
  "recentIdentifiers" : {
    "21FF7AFF-3036-4D3A-B9F9-E75988A43AE2" : [

    ]
  },
  "sceneCameraHistory" : {
    "21FF7AFF-3036-4D3A-B9F9-E75988A43AE2" : [
      {
        "date" : 747851766.582327,
        "title" : "Untitled",
        "transform" : [
          -0.4324697,
          2.2193692e-07,
          -0.90164846,
          0,
          -0.32870388,
          0.93118036,
          0.15766086,
          0,
          0.8395974,
          0.36455888,
          -0.4027072,
          0,
          1.3667089,
          1.4182673,
          -2.061355,
          1
        ]
      },
      {
        "date" : 747849290.369818,
        "title" : "Untitled",
        "transform" : [
          -0.43246976,
          1.7298106e-07,
          -0.90164846,
          0,
          -0.3287039,
          0.9311804,
          0.15766086,
          0,
          0.8395973,
          0.3645589,
          -0.40270725,
          0,
          1.3667089,
          0.4182672,
          -0.56135494,
          1
        ]
      },
      {
        "date" : 747849237.858254,
        "title" : "Untitled",
        "transform" : [
          -0.4324697,
          1.8476068e-07,
          -0.9016485,
          0,
          -0.3287039,
          0.93118036,
          0.15766083,
          0,
          0.83959734,
          0.3645589,
          -0.4027072,
          0,
          0.13016284,
          0.039835006,
          -0.053462327,
          1
        ]
      },
      {
        "date" : 747849126.993386,
        "title" : "Untitled",
        "transform" : [
          -0.4324697,
          1.7681806e-07,
          -0.90164846,
          0,
          -0.3287039,
          0.93118036,
          0.15766084,
          0,
          0.83959734,
          0.36455888,
          -0.40270728,
          0,
          1.2271893,
          0.3402632,
          -0.6927046,
          1
        ]
      },
      {
        "date" : 747849115.256789,
        "title" : "Untitled",
        "transform" : [
          0.4305645,
          1.754934e-07,
          -0.9025598,
          0,
          -0.44517204,
          0.8698975,
          -0.21236832,
          0,
          0.7851345,
          0.49323264,
          0.374547,
          0,
          1.2529225,
          0.53669345,
          0.4937181,
          1
        ]
      },
      {
        "date" : 747849056.273811,
        "title" : "Untitled",
        "transform" : [
          0.4305645,
          1.9086968e-07,
          -0.9025598,
          0,
          -0.44517204,
          0.8698975,
          -0.2123683,
          0,
          0.7851345,
          0.4932326,
          0.374547,
          0,
          1.2391987,
          0.5116065,
          0.48717102,
          1
        ]
      },
      {
        "date" : 747849047.045027,
        "title" : "Untitled",
        "transform" : [
          0.43056446,
          1.4616622e-07,
          -0.9025599,
          0,
          -0.44517204,
          0.8698975,
          -0.21236834,
          0,
          0.78513443,
          0.4932326,
          0.37454695,
          0,
          1.0756822,
          -0.2332592,
          0.40916592,
          1
        ]
      },
      {
        "date" : 747848948.172754,
        "title" : "Untitled",
        "transform" : [
          0.43056446,
          1.6599508e-07,
          -0.9025599,
          0,
          -0.44517198,
          0.8698974,
          -0.2123683,
          0,
          0.7851345,
          0.49323264,
          0.374547,
          0,
          1.246812,
          0.7317382,
          0.5679779,
          1
        ]
      },
      {
        "date" : 747848937.791832,
        "title" : "Untitled",
        "transform" : [
          0.6500216,
          1.3053686e-08,
          -0.7599157,
          0,
          -0.593219,
          0.6249836,
          -0.5074315,
          0,
          0.47493485,
          0.78063786,
          0.4062528,
          0,
          0.77615356,
          1.1873311,
          0.63279074,
          1
        ]
      },
      {
        "date" : 747848933.042491,
        "title" : "Untitled",
        "transform" : [
          0.6500216,
          1.3053686e-08,
          -0.7599157,
          0,
          -0.593219,
          0.6249836,
          -0.5074315,
          0,
          0.47493485,
          0.78063786,
          0.4062528,
          0,
          0.7955689,
          1.2170318,
          0.64861983,
          1
        ]
      }
    ]
  },
  "sceneViewportBackgroundColors" : {

  },
  "selectedSceneRelativePath" : "PoxtalBoxScene.usda"
}