{
  "advancedEditorSelectedIdentifier" : "ProjectBrowser",
  "openSceneRelativePaths" : [
    "PortalBoxScene.usda"
  ],
  "recentIdentifiers" : {
    "21FF7AFF-3036-4D3A-B9F9-E75988A43AE2" : [

    ]
  },
  "sceneCameraHistory" : {
    "21FF7AFF-3036-4D3A-B9F9-E75988A43AE2" : [
      {
        "date" : 747871441.188959,
        "title" : "Untitled",
        "transform" : [
          0.41813058,
          -2.5416611e-08,
          -0.90838695,
          0,
          -0.36775053,
          0.9143879,
          -0.16927561,
          0,
          0.830618,
          0.40483907,
          0.38233352,
          0,
          1.6551619,
          1.5585091,
          -1.2881335,
          1
        ]
      },
      {
        "date" : 747871435.077037,
        "title" : "Untitled",
        "transform" : [
          0.19638112,
          1.1954045e-08,
          -0.9805276,
          0,
          -0.43708614,
          0.8951494,
          -0.08754007,
          0,
          0.8777187,
          0.4457662,
          0.17579044,
          0,
          1.7628608,
          1.6181798,
          -1.5803412,
          1
        ]
      },
      {
        "date" : 747871428.963914,
        "title" : "Untitled",
        "transform" : [
          0.243846,
          5.2969424e-09,
          -0.96981406,
          0,
          -0.41043425,
          0.9060321,
          -0.103197865,
          0,
          0.8786825,
          0.42320922,
          0.22093226,
          0,
          1.7537781,
          1.5602705,
          -1.4657929,
          1
        ]
      },
      {
        "date" : 747871420.010105,
        "title" : "Untitled",
        "transform" : [
          0.12590148,
          -5.594875e-10,
          -0.9920428,
          0,
          -0.3282383,
          0.943676,
          -0.041657165,
          0,
          0.93616694,
          0.33087113,
          0.11881021,
          0,
          1.9109131,
          1.3626426,
          -1.6777296,
          1
        ]
      },
      {
        "date" : 747871402.439578,
        "title" : "Untitled",
        "transform" : [
          -0.43246976,
          1.9776522e-07,
          -0.9016484,
          0,
          -0.32870388,
          0.9311804,
          0.15766087,
          0,
          0.83959734,
          0.36455888,
          -0.40270725,
          0,
          1.47586,
          1.4612857,
          -2.6932132,
          1
        ]
      },
      {
        "date" : 747851766.582327,
        "title" : "Untitled",
        "transform" : [
          -0.4324697,
          2.2193692e-07,
          -0.90164846,
          0,
          -0.32870388,
          0.93118036,
          0.15766086,
          0,
          0.8395974,
          0.36455888,
          -0.4027072,
          0,
          1.3667089,
          1.4182673,
          -2.061355,
          1
        ]
      },
      {
        "date" : 747849290.369818,
        "title" : "Untitled",
        "transform" : [
          -0.43246976,
          1.7298106e-07,
          -0.90164846,
          0,
          -0.3287039,
          0.9311804,
          0.15766086,
          0,
          0.8395973,
          0.3645589,
          -0.40270725,
          0,
          1.3667089,
          0.4182672,
          -0.56135494,
          1
        ]
      },
      {
        "date" : 747849237.858254,
        "title" : "Untitled",
        "transform" : [
          -0.4324697,
          1.8476068e-07,
          -0.9016485,
          0,
          -0.3287039,
          0.93118036,
          0.15766083,
          0,
          0.83959734,
          0.3645589,
          -0.4027072,
          0,
          0.13016284,
          0.039835006,
          -0.053462327,
          1
        ]
      },
      {
        "date" : 747849126.993386,
        "title" : "Untitled",
        "transform" : [
          -0.4324697,
          1.7681806e-07,
          -0.90164846,
          0,
          -0.3287039,
          0.93118036,
          0.15766084,
          0,
          0.83959734,
          0.36455888,
          -0.40270728,
          0,
          1.2271893,
          0.3402632,
          -0.6927046,
          1
        ]
      },
      {
        "date" : 747849115.256789,
        "title" : "Untitled",
        "transform" : [
          0.4305645,
          1.754934e-07,
          -0.9025598,
          0,
          -0.44517204,
          0.8698975,
          -0.21236832,
          0,
          0.7851345,
          0.49323264,
          0.374547,
          0,
          1.2529225,
          0.53669345,
          0.4937181,
          1
        ]
      }
    ]
  },
  "sceneViewportBackgroundColors" : {

  },
  "selectedSceneRelativePath" : "PoxtalBoxScene.usda"
}